Tamanios:[100, 1000, 10000]

Resultados:
[0.0015130043029785156, 0.13906002044677734, 13.66360855102539]
[0.0018012523651123047, 0.18094873428344727, 18.66147804260254]
[0.00171661376953125, 0.21465468406677246, 23.700605154037476]
[0.0007374286651611328, 0.017360210418701172, 1.936124563217163]
[0.0006744861602783203, 0.017491817474365234, 1.8565523624420166]
[0.0004150867462158203, 0.005814552307128906, 0.07195663452148438]
[0.0008273124694824219, 0.06575846672058105, 7.520867109298706]
[0.0003037452697753906, 0.00458216667175293, 0.11261391639709473]
[3.2901763916015625e-05, 0.0003962516784667969, 0.0045757293701171875]



Tamanios:[100000, 1000000]

Resultados:
[0.8997478485107422, 11.15921425819397]
[7.703212738037109, 807.7239966392517]
[0.04860091209411621, 0.4991593360900879]

